0    04/03/2024
1    04/04/2024
2    04/05/2024
3    04/06/2024
4    04/07/2024
5    04/08/2024
6    04/09/2024
7    04/10/2024
8    04/11/2024
9    04/12/2024
Name: DATE, dtype: object
0    17:56
1    18:56
2    19:56
3    20:56
4    21:56
5    22:56
6    23:56
7     0:56
8     1:56
9     2:56
Name: TIME, dtype: object
0    0
1    0
2    0
3    0
4    0
5    0
6    0
7    0
8    0
9    0
Name: GT, dtype: int64
0    0
1    7
2    7
3    7
4    7
5    7
6    2
7    7
8    7
9    7
Name: WB, dtype: int64
0    8
1    8
2    8
3    8
4    8
5    8
6    8
7    7
8    8
9    8
Name: AT, dtype: int64
0    10
1    11
2    12
3    12
4    10
5    13
6     9
7    11
8    13
9    10
Name: IRT, dtype: int64
0    9.92
1    9.92
2    9.92
3    9.92
4    9.92
5    9.92
6    9.92
7    9.92
8    9.92
9    9.92
Name: P, dtype: float64
0     8.9
1     0.0
2     9.0
3     8.5
4     0.0
5     6.6
6     5.0
7     0.0
8    65.0
9     8.9
Name: RH, dtype: float64
0    20
1    10
2     0
3     1
4    13
5     5
6    18
7     5
8     8
9     7
Name: WS, dtype: int64
0     70
1     80
2      9
3      0
4      5
5     89
6     27
7     88
8     35
9    270
Name: WD, dtype: int64
0    4.546497
1    4.546497
2    4.546497
3    4.546497
4    4.546497
5    4.546497
6    1.546497
7    4.546497
8    4.546497
9    4.546497
Name: LAT, dtype: float64
0   -9.598999
1   -9.598999
2   -9.598999
3   -9.598999
4   -9.598999
5   -9.598999
6   -9.598999
7   -9.598999
8   -9.598999
9   -9.598999
Name: LON, dtype: float64
0    180
1     90
2      0
3    270
4    315
5      5
6     37
7    198
8    245
9    180
Name: COMP, dtype: int64
